0	0.0	0	0.0
100	0.0	0	0.0
200	0.0	0	0.0
300	43.0	1	43.0
400	0.0	0	0.0
500	0.0	0	0.0
600	0.0	0	0.0
700	0.0	0	0.0
800	0.0	0	0.0
900	0.0	0	0.0
1000	0.0	0	0.0
1100	0.0	0	0.0
1200	287.0	1	287.0
1300	0.0	0	0.0
1400	0.0	0	0.0
1500	326.8	1	326.8
1600	0.0	0	0.0
1700	0.0	0	0.0
1800	0.0	0	0.0
1900	0.0	0	0.0
2000	0.0	0	0.0
2100	0.0	0	0.0
2200	0.0	0	0.0
2300	0.0	0	0.0
2400	0.0	0	0.0
2500	0.0	0	0.0
2600	72.0	1	72.0
2700	0.0	0	0.0
2800	113.0	1	113.0
2900	162.0	1	162.0
3000	171.0	1	171.0
3100	0.0	0	0.0
3200	6.0	1	6.0
3300	120.0	1	120.0
3400	135.0	1	135.0
3500	551.0	3	183.66666666666666
3600	94.0	1	94.0
3700	134.5	2	67.25
3800	1738.1666666666665	14	124.1547619047619
3900	3776.8	29	130.2344827586207
4000	4682.825	43	108.90290697674418
4100	5182.270833333334	49	105.76062925170069
4200	5465.119047619047	49	111.5330417881438
4300	5468.416666666667	65	84.12948717948719
4400	5716.166666666667	57	100.28362573099416
4500	5495.439393939394	60	91.59065656565657
4600	6612.032191780821	65	101.72357218124341
4700	10103.45	80	126.293125
4800	8580.030532212884	84	102.14322062158196
4900	9428.210784313727	86	109.63035795713637
5000	9150.608771929823	93	98.39364270892283
5100	17753.464285714283	160	110.95915178571427
5200	37959.613492063494	394	96.34419668036419
5300	39213.538708513704	400	98.03384677128426
5400	27338.707142857143	310	88.18937788018434
5500	28490.498319327733	304	93.7187444714728
5600	27971.261111111115	281	99.54185448793991
5700	29307.609523809522	289	101.41041357719558
5800	31010.854437229435	313	99.07621225951895
5900	31514.09466089467	321	98.1747497224133
6000	40222.92481684982	389	103.40083500475534
6100	49144.63273096636	470	104.56304836375821
6200	14611.898939585608	131	111.54121327927945
6300	0.0	0	0.0
6400	0.0	0	0.0
6500	0.0	0	0.0
6600	0.0	0	0.0
6700	0.0	0	0.0
6800	0.0	0	0.0
6900	0.0	0	0.0
