0	0.0	0	0.0
100	0.0	0	0.0
200	0.0	0	0.0
300	0.0	0	0.0
400	0.0	0	0.0
500	0.0	0	0.0
600	0.0	0	0.0
700	0.0	0	0.0
800	0.0	0	0.0
900	0.0	0	0.0
1000	0.0	0	0.0
1100	0.0	0	0.0
1200	486.0	3	162.0
1300	370.0	1	370.0
1400	452.0	1	452.0
1500	5103.235294117647	16	318.9522058823529
1600	14653.833333333332	42	348.9007936507936
1700	15014.033333333335	46	326.3920289855073
1800	6223.666666666667	27	230.50617283950618
1900	10927.872727272726	35	312.22493506493504
2000	12506.468253968254	33	378.9838864838865
2100	5375.380952380952	19	282.91478696741854
2200	9776.25	32	305.5078125
2300	7619.1	20	380.95500000000004
2400	8510.161904761906	25	340.40647619047627
2500	4839.416666666666	16	302.46354166666663
2600	6624.133333333333	19	348.63859649122804
2700	9016.2	26	346.7769230769231
2800	5370.309523809524	19	282.6478696741855
2900	7094.070175438597	23	308.43783371472165
3000	10943.391666666668	27	405.31080246913587
3100	6406.405555555555	24	266.9335648148148
3200	5653.466666666667	16	353.3416666666667
3300	12308.168903318903	33	372.974815252088
3400	7708.45	22	350.3840909090909
3500	8563.283333333333	25	342.5313333333333
3600	10603.977777777776	30	353.4659259259259
3700	10542.566666666668	30	351.41888888888894
3800	9935.04611111111	31	320.48535842293904
3900	14659.166666666664	35	418.83333333333326
4000	14778.706024531026	44	335.87968237570516
4100	16498.186435786436	45	366.6263652396986
4200	22078.529770229772	46	479.9680384832559
4300	15048.357228182445	47	320.177813365584
4400	23430.489844877346	66	355.00742189208097
4500	21271.49543650794	61	348.7130399427531
4600	26629.530450058788	72	369.85458958414983
4700	22296.17153679654	73	305.4270073533773
4800	42623.43600394703	119	358.1801344869498
4900	46685.160847217296	129	361.900471683855
5000	57802.45901532681	150	385.34972676884536
5100	72050.06034381661	195	369.4874889426493
5200	86219.09026751113	237	363.79362982072206
5300	197917.20141631574	623	317.6841114226577
5400	405834.402628686	1507	269.29953724531254
5500	0.0	0	0.0
5600	0.0	0	0.0
5700	0.0	0	0.0
5800	0.0	0	0.0
5900	0.0	0	0.0
6000	0.0	0	0.0
6100	0.0	0	0.0
6200	0.0	0	0.0
6300	0.0	0	0.0
6400	0.0	0	0.0
6500	0.0	0	0.0
6600	0.0	0	0.0
6700	0.0	0	0.0
6800	0.0	0	0.0
6900	0.0	0	0.0
