0	0.0	0	0.0
50	0.0	0	0.0
100	0.0	0	0.0
150	0.0	0	0.0
200	0.0	0	0.0
250	0.0	0	0.0
300	637.9545454545455	6	106.32575757575758
350	1684.5	15	112.3
400	600.0	8	75.0
450	1407.0630952380952	12	117.25525793650793
500	1991.9411764705883	16	124.49632352941177
550	1801.6166666666666	13	138.58589743589744
600	656.9720496894411	5	131.3944099378882
650	823.5172413793103	6	137.2528735632184
700	1625.2974137931037	17	95.60573022312374
750	3331.4660256410257	17	195.96858974358975
800	2325.9221641059166	20	116.29610820529584
850	3361.0484848484843	28	120.03744588744587
900	5217.2381107944975	41	127.24971001937799
950	69672.51664717613	485	143.65467349933223
1000	0.0	0	0.0
1050	0.0	0	0.0
1100	0.0	0	0.0
1150	0.0	0	0.0
1200	0.0	0	0.0
1250	0.0	0	0.0
1300	0.0	0	0.0
1350	0.0	0	0.0
1400	0.0	0	0.0
1450	0.0	0	0.0
1500	0.0	0	0.0
1550	0.0	0	0.0
1600	0.0	0	0.0
1650	0.0	0	0.0
1700	0.0	0	0.0
1750	0.0	0	0.0
1800	0.0	0	0.0
1850	0.0	0	0.0
1900	0.0	0	0.0
1950	0.0	0	0.0
2000	0.0	0	0.0
2050	0.0	0	0.0
2100	0.0	0	0.0
2150	0.0	0	0.0
2200	0.0	0	0.0
2250	0.0	0	0.0
2300	0.0	0	0.0
2350	0.0	0	0.0
2400	0.0	0	0.0
2450	0.0	0	0.0
2500	0.0	0	0.0
2550	0.0	0	0.0
2600	0.0	0	0.0
2650	0.0	0	0.0
2700	0.0	0	0.0
2750	0.0	0	0.0
2800	0.0	0	0.0
2850	0.0	0	0.0
2900	0.0	0	0.0
2950	0.0	0	0.0
3000	0.0	0	0.0
3050	0.0	0	0.0
3100	0.0	0	0.0
3150	0.0	0	0.0
3200	0.0	0	0.0
3250	0.0	0	0.0
3300	0.0	0	0.0
3350	0.0	0	0.0
3400	0.0	0	0.0
3450	0.0	0	0.0
3500	0.0	0	0.0
3550	0.0	0	0.0
3600	0.0	0	0.0
3650	0.0	0	0.0
3700	0.0	0	0.0
3750	0.0	0	0.0
3800	0.0	0	0.0
3850	0.0	0	0.0
3900	0.0	0	0.0
3950	0.0	0	0.0
4000	0.0	0	0.0
4050	0.0	0	0.0
4100	0.0	0	0.0
4150	0.0	0	0.0
4200	0.0	0	0.0
4250	0.0	0	0.0
4300	0.0	0	0.0
4350	0.0	0	0.0
4400	0.0	0	0.0
4450	0.0	0	0.0
4500	0.0	0	0.0
4550	0.0	0	0.0
4600	0.0	0	0.0
4650	0.0	0	0.0
4700	0.0	0	0.0
4750	0.0	0	0.0
4800	0.0	0	0.0
4850	0.0	0	0.0
4900	0.0	0	0.0
4950	0.0	0	0.0
5000	0.0	0	0.0
5050	0.0	0	0.0
5100	0.0	0	0.0
5150	0.0	0	0.0
5200	0.0	0	0.0
5250	0.0	0	0.0
5300	0.0	0	0.0
5350	0.0	0	0.0
5400	0.0	0	0.0
5450	0.0	0	0.0
5500	0.0	0	0.0
5550	0.0	0	0.0
5600	0.0	0	0.0
5650	0.0	0	0.0
5700	0.0	0	0.0
5750	0.0	0	0.0
5800	0.0	0	0.0
5850	0.0	0	0.0
5900	0.0	0	0.0
5950	0.0	0	0.0
6000	0.0	0	0.0
6050	0.0	0	0.0
6100	0.0	0	0.0
6150	0.0	0	0.0
6200	0.0	0	0.0
6250	0.0	0	0.0
6300	0.0	0	0.0
6350	0.0	0	0.0
6400	0.0	0	0.0
6450	0.0	0	0.0
6500	0.0	0	0.0
6550	0.0	0	0.0
6600	0.0	0	0.0
6650	0.0	0	0.0
6700	0.0	0	0.0
6750	0.0	0	0.0
6800	0.0	0	0.0
6850	0.0	0	0.0
6900	0.0	0	0.0
6950	0.0	0	0.0
