2992737	979.4409291173765	55.0
2488187	974.7327787324209	19.0
1709305	999.903401830935	124.66666666666667
3401140	994.1968655375126	41.0
539298	978.4726026602636	44.0
2209684	967.1729476888996	2740.0
1168599	885.4822679490827	13.0
1642923	703.2922803871031	177.0
2988384	969.2488973388025	344.0
562698	382.9274381633245	428.0
623270	499.07367958602225	82.625
2899936	432.142127064034	175.0
2644105	1002.3149562791134	58.0
1652352	987.6282340434936	60.0
2152422	997.538343661262	20.0
1031450	765.6527132956952	227.0
2025867	969.7141380536607	678.0
245520	977.529830187678	196.0
2431529	830.806108932654	227.0
572224	992.0704615117329	103.0
1990838	977.3126193617576	305.0
2256688	991.6298188274724	360.0
2179086	986.6116385618466	122.0
616820	567.1909423656094	28.2
2902488	965.7731634316095	2376.0
1411467	972.0134345723196	419.0
205768	958.5697312122494	14433.0
2957863	975.5959129674934	134.0
3499809	970.2548233780776	4430.0
1578294	985.3981339984222	31.0
2529703	971.3500200254568	353.0
1717223	985.9024868629508	745.0
3240469	990.0082244471755	161.0
3259608	970.753625432807	9.0
2241758	1001.3074840238335	10.0
2220448	994.186418074725	29.0
3153163	947.1399177951413	141.5
2092645	972.9114791429259	291.0
3274451	996.4330628422188	156.0
1307922	980.3518570965014	1185.0
571994	972.603634477514	114.5
1912985	353.30138749284146	254.0
2948067	972.9738285881737	132.0
861771	978.4674615402657	143.0
1476423	945.0520685852322	266.6578947368421
1955814	995.6207540735869	55.0
1472037	763.0960356643823	258.5
233105	991.2361937420213	5592.5
2192669	969.2541155083555	25.666666666666668
266155	868.1178333277271	1343.0
2195408	975.0073633366458	452.0
976635	996.6609126967953	4252.0
1759279	970.4985500952191	86.0
2238598	977.9949782608901	382.0
262606	979.762575298107	291.0
2188662	985.3986824438047	63.0
1817501	756.923009409235	229.0
1792866	958.561178184592	171.5
2358772	961.0170328019743	169.85714285714286
2021780	974.0038125361054	233.0
2247472	972.5331418273487	533.0
123607	983.1134337550739	9686.5
1813635	1001.3965595134449	156.0
3008277	970.5193851706857	62.0
2723804	987.1924752306389	335.0
1448555	973.8852442118774	34.0
2110491	715.1000892362255	53.0
127856	975.2130431211821	72.0
647486	978.2335235295591	250.0
1108800	961.7014039022547	505.7142857142857
1696232	972.2590334257579	107.0
2337577	1000.4503000851165	231.44444444444446
660028	688.1069220224153	89.0
1531329	966.3601472056536	185.0
2384307	1001.1297970521786	61.0
2302825	1000.2397077008613	49.0
2132338	981.6490867373108	73.0
1800011	991.1322494326322	36.0
1997714	978.9422277494859	45.0
1862645	991.3674943439346	68.0
3372872	988.3582853035277	124.0
2328875	975.1733010646687	162.0
3576444	890.5076107180688	38.0
216804	520.2137162063407	82.75
2192688	994.7817107797845	158.0
2004300	961.7511293808615	146.04545454545453
2679157	438.2860230080985	33.0
1311906	976.3323255985753	3898.0
3252634	978.1602552253831	567.0
3464875	996.0842067282189	74.0
2842150	317.34430874361976	156.0
3234371	966.5443001832126	104.0
1713443	965.9252985369374	327.0
3069638	383.9241003188245	50.0
1095590	369.1053959845768	71.0
742691	980.7228457356069	52.0
635542	877.6582180749376	744.0
969147	968.9996501208544	556.0
1739746	966.8276836217684	508.0
291600	889.8522859231024	214.0
1744421	981.8875888977882	14287.0
3366052	909.46629797773	31.666666666666668
1995532	972.9580416314113	361.0
3657990	460.7446531502563	81.0
1405009	966.8410796030081	208.0
1743853	983.2077085580138	298.3333333333333
2536752	976.362680452595	52.0
3499037	983.6316639519459	380.0
2795595	998.4121410897997	35.0
3721818	965.9518061372959	26.0
2355297	995.6939830714426	260.0
1101153	709.739107845609	89.0
2423013	877.5529907545738	1044.0
1461287	972.1244127267438	608.5
610564	853.1543328845655	109.0
1919333	661.1294740902213	53.5
2381519	1001.107406860339	74.0
3209838	979.4352178795185	205.0
2408890	1002.3982305130845	65.0
81554	971.2881579805656	348.0
1219612	988.6195724282746	2738.0
1548132	793.8637396439284	1020.0
1429775	991.26225287879	158.125
1821114	987.9780917086723	112.2
2235548	970.573516116688	716.0
2663556	969.3795883930177	53.0
323464	985.2323980824152	124.0
2326007	976.7403730229743	71.0
3111089	836.1251371609793	53.0
25778	986.5768560740673	411.0
2136538	978.5070919960239	565.0
441840	970.0617522071279	53.0
3624407	980.56691560647	115.0
266550	969.0436382535272	359.0
3584049	605.318085371966	141.0
1584735	970.71744070901	69.0
654237	996.9256288935426	37588.5
2825958	982.3770048848742	24.0
3218890	981.978289986955	188.0
790541	997.6815316744024	964.8
1528787	986.3659156472894	65.0
2269401	775.1108698007182	492.0
419902	974.0218104952179	139.0
1423919	991.2343767140603	24.0
3122524	1000.6980070447441	86.0
1907856	990.0089764069139	130.0
3463006	967.5090326030936	69.5
2229092	560.3760392411488	346.25
2063351	971.3077496839591	198.0
2258089	993.1405153283315	62.0
1715218	995.9354851862702	386.0
2507191	980.6297249859153	205.0
3265448	972.94049770743	407.0
2461504	967.6368178718858	311.0
208910	957.5602712544495	56.0
1737055	325.15731757236176	238.45454545454547
1378637	822.0608775222497	3335.0
2194183	962.85193370394	208.0
3292545	965.0902682536683	152.0
2016316	972.2472244077638	19.0
920234	739.2264065340155	117.17241379310344
1756375	980.9837802778214	242.0
1731041	969.3384427727844	206.0
1818854	951.0877383665796	174.6216216216216
1870556	969.3920489542292	188.0
1157564	975.0720169332534	698.0
2641456	1000.9764061988894	268.0
2828315	507.96272946653886	33.0
1978230	968.0053512415201	91.0
1569382	977.8774298960072	73.0
2929732	972.0640111258015	511.0
657748	539.9255458689177	98.0
2920320	967.2927867594158	261.0
1868889	993.1539726352321	77.15789473684211
1544916	965.2898095663289	382.0
1712521	971.1200044560535	353.0
106678	967.5531469103389	117.0
2354418	1002.0435395338714	124.33333333333333
3012903	988.6507561741658	249.66666666666666
2482927	975.9797574298536	5711.0
227071	963.9098019533727	1836.0
3080676	999.8202506561532	273.0
2119714	979.2641186792688	110.0
2862610	901.1668714543727	952.0
3267905	974.615442867899	135.0
3673018	989.189113940595	81.83333333333333
1374966	970.228973469978	130.0
2338313	976.0702060198771	67.0
1670182	825.6759007735488	74.0
2233243	848.3685926878662	161.6
2462013	989.7251634803403	333.0
1304066	969.5764110701386	585.0
2101454	982.386113176011	71.0
2157070	982.4729580957838	1116.0
3215838	1001.2782089290088	83.0
3451330	973.3943208297563	106.0
409761	947.3924491826045	95.0
64609	982.2081767677674	64.6875
2076804	1002.4163753940719	295.0
1462969	974.4646189373391	55.0
2295502	975.1080396979303	117.71428571428571
56462	967.2342308659798	100.0
2491954	982.9786667196126	1341.3333333333333
1900207	973.5809107146206	374.0
2620275	971.2997594038898	298.0
1459825	1001.0699068581177	52.0
2187563	971.3831696810852	5497.0
3314156	814.5373641463204	79.0
2584471	581.3154753617285	81.0
2388551	970.6378267259706	23.0
1727605	966.4895287178238	1791.0
3297310	977.00407483131	79.0
532920	978.8080396775065	249.0
2455441	995.4082505500314	28.0
2373661	934.9168651877812	69.0
2330952	977.6752408822122	46.0
1211094	965.6406328125662	464.5
2501333	965.6338502900206	41.0
2365849	970.2442412302638	260.5
3260348	929.636343875189	246.0
3143235	986.0012181037422	82.0
2726795	978.3235357400879	100.0
28057	997.3541567560538	168.0
1800659	995.1310368643591	111.0
1538733	969.626939552273	165.0
2424933	976.8153974705452	1177.0
2380810	1001.1983778073711	418.0
1502169	924.1496728793425	92.0
1835870	961.160752279861	138.0
37305	997.89304171903	68.0
624459	954.6554645540824	95.0
1903899	971.457388264328	456.0
3177865	966.3141217503021	107.0
1011565	597.624453454054	76.0
2869051	942.0071355930412	45.0
3094259	970.8142120606667	317.0
1738131	982.2575961377717	87.0
3725583	471.97877045900293	12.0
1954168	954.7651185047209	783.0
2231313	958.1753515424547	216.08333333333334
2533081	976.1098195291303	92.0
2024908	743.6772162934543	48.0
2534292	982.156459683464	126.0
2573655	964.1924514778647	348.1
1749609	982.0383448314685	10512.0
2205512	968.0353145779641	141.0
79898	967.8097606878389	618.3333333333334
2444799	983.8831583247362	259.0
2260211	972.8314094648078	121.0
3443686	997.1152192941466	91.0
1842565	997.8150329629038	250.0
3184863	999.2537518493741	37.0
1780417	1000.5455830397057	140.0
1823646	972.117873448585	54.0
2197714	972.5957071068242	81.0
566497	970.1623241034142	101.0
2118563	453.40010371624305	35.57142857142857
2543367	969.3564036402205	5216.0
2785475	984.1754573333056	59.0
1728758	992.5210228513864	171.0
1291733	864.0491064986813	179.2
2207090	972.3381497486538	110.0
2110990	961.9492491776514	180.3125
1992032	990.6557658064086	47.0
1448082	947.1429441624241	1764.0
3273627	975.4322698406718	84.0
1770890	511.0094132172337	211.0
2214933	983.7866274037186	127.5
1369404	973.1724907902899	51.0
2633093	992.4553459136856	13.0
2480781	982.8175739963234	37.0
2121516	994.9178096274181	240.0
2711945	974.7553476620909	14.0
3083946	981.7225795517836	42.0
2367042	943.4852219257266	54.0
1775881	971.4575754751137	97.0
2335911	742.0700008824964	527.6
2328399	969.3424271468912	499.0
3211099	834.9295520886418	218.0
3086235	973.3783123243045	242.0
2598910	911.3843386575376	113.0
3259077	1000.3425744365913	40.5
1520771	976.8239226008191	167.0
3359073	576.9867020484384	87.0
2650171	745.4854957874765	282.0
1708498	968.0557859284953	29.666666666666668
2638427	979.880191293838	61.0
194932	974.7370847694008	47.0
2271875	1000.4979302331753	82.0
1341293	968.1782520032184	77.0
1962575	976.1156995779288	91.0
1823192	620.7959269855079	3613.5
1082680	996.6103527457503	36.5
2260455	976.204355331831	29.0
165105	1000.237308824443	6755.0
3420680	997.4934130857225	28.0
1921026	978.8972877575977	99.0
2125727	964.0993955003134	105.0
1370041	965.6243819973183	869.0
3088876	964.2203140861428	193.0
2027975	576.5253735321863	59.0
2841879	991.8603771822342	46.588235294117645
2331990	971.099744612118	164.0
2847417	529.5938999470022	158.5
1738782	895.8681200870775	207.0
14610	1000.187927524626	44.0
2007749	971.4705742632852	6197.0
1455851	849.9023146546931	573.0
2341308	971.1670078739157	133.0
2642118	398.27943135259284	1080.3333333333333
1304464	524.7533693292188	93.0
2930666	951.1257572747412	119.0
419470	970.1488975732135	175.0
2376030	980.0960660855303	320.0
2643310	992.1361907753603	263.0
2635115	980.9646299381843	107.0
2781568	546.7837688391028	377.0
1443563	968.0110879670029	4105.0
2571644	976.8874259860933	104.0
2594685	996.8118449343185	128.0
3035961	968.1946394017258	99.0
3237305	978.9619706831609	70.0
1059531	961.4604831606445	811.8275862068965
2643184	976.3091482965226	72.0
2535744	977.6765250472203	159.0
2828027	912.2721690954689	142.66666666666666
3523530	983.3771176478125	166.0
2884278	973.4388493781435	159.0
2322812	382.0988947189388	75.5
2100098	666.7830105383256	102.0
2948080	960.1955519762485	143.5
2626010	939.473286304618	408.6666666666667
119316	1000.3638598611184	151.0
2801563	993.4972995337778	178.5
2507296	972.5594335617783	35.0
2237686	914.3889965456526	143.8780487804878
1519743	966.513228285641	229.0
1501545	991.6295402571932	374.0
619144	965.1806251849173	210.0
1946678	986.8894137545938	119.0
1561312	984.7681886635388	286.2857142857143
135765	996.09807702455	152.66666666666666
2573711	959.3057370084088	42.25925925925926
1827809	1000.571950493117	519.6666666666666
2988632	973.2200047816714	74.5
1654015	994.6862569164566	105.0
1557657	984.5888029089602	279.0
2182715	1000.2770938976647	17.0
1408457	968.2669576713645	24.0
658850	972.7300667240554	251.0
3078475	966.9387983726201	175.0
2253538	981.57126791126	44.0
1594760	979.6890228955704	156.0
2785344	997.8926078624733	84.0
2727803	998.8774690784829	547.0
631223	999.546729038757	163.0
1704256	986.7897441055813	97.0
2648985	1001.346347653017	70.5
2253426	971.0740192696258	159.0
2707326	970.6063549187627	65.0
3405378	878.0705231730835	182.5
3198025	385.21658789587616	99.5
1387546	982.2345038133229	1003.0
1489399	895.1741899861875	215.0
2673873	967.7465778401502	69.0
2556056	976.761299969633	186.0
3239377	879.0740543968524	533.5
2095864	992.8764868878811	2614.0
1864952	991.9855383318953	129.0
2161389	995.8977991481466	953.5
937251	992.9121188878944	54.0
1659712	940.9335280831066	54.5
3696760	969.4442554224609	71.0
2964679	905.2378804711796	596.0
117091	961.8528647750486	637.0
2622403	976.3298286341831	33.0
3399070	991.4195471157084	116.0
1864714	929.0078768738516	253.33333333333334
3368750	975.6354640250674	170.0
2124694	992.8889995444878	393.0
3230096	963.5769054531697	302.0
2590725	940.1884985386151	1952.8163265306123
270436	977.0729757992203	139.0
2953496	955.5599089581984	96.66666666666667
2820770	982.0295703652811	145.0
36361	974.3861395262817	92.0
3204134	983.8198214950329	47.0
1456026	989.0199154052763	176.14285714285714
2643177	982.9554134198235	63.0
1589643	984.2619843079297	61.857142857142854
893776	966.6802447591662	1127.0
3569479	975.2956175185186	39.0
2268953	969.3401836289149	167.5
1121426	968.75485474632	391.0
1798461	973.4629694587583	109.0
2079800	977.6059133287991	136.0
1723175	770.0637675386549	70.5
1783214	962.8684795138503	796.0
1819301	958.1241083455332	108.0
1529055	943.2007313548654	28.0
177252	915.5288889539083	39.0
2928832	389.9332142446101	55.0
446580	976.6821513974917	548.0
1731724	960.7479086656839	201.0
3125028	975.9835447721368	212.0
2657641	974.6943917166801	21.0
1948314	974.2936951763463	185.0
1315689	990.5564969773299	40.0
1686747	921.3341704158802	40.0
3047517	796.7585259068642	372.0
3128963	972.749252020666	172.0
1725774	976.1789111260649	268.0
739816	976.6663821597658	137.0
1066186	998.9816724268767	166.0
1721032	969.9606051994924	40.0
3637657	387.41939326792874	114.0
2171962	981.7066510483077	42.0
1603225	957.9430750854531	336.8125
2049959	906.2771154062362	1903.5
2073741	995.6147344838024	319.3103448275862
435428	985.1232591760136	211.0
1351856	987.0622774516536	193.0
3100516	985.585918506234	206.0
2871454	969.1561787769955	67.0
2145855	1001.1478755425007	64.0
957598	967.175365682767	55.0
1351339	788.4834934446266	658.0
1784637	893.8015830820536	44.0
2145965	924.1273819133488	246.0
1738953	965.7984009805266	78.0
1825542	992.4553614044821	81.0
1629015	971.5209561498298	1005.0
2322625	975.3791142912261	196.0
2337593	997.6303434287038	107.0
3463893	974.5972256100656	566.0
2862700	995.0011181143959	146.0
1731825	967.5036446326826	172.0
3661726	975.0812081859939	124.0
36255	983.3902156685409	117.33333333333333
1786230	972.1165877541321	405.0
3006918	980.2556674737538	93.0
3419290	984.0179043168672	51.0
1773116	377.46076462947974	80.5
1943471	895.1169448439538	98.0
2235763	984.9942503321823	88.0
1810597	970.073439814008	3396.0
2379325	964.0989938376008	305.0
3228165	969.1926605100255	43.0
51050	720.1955494754052	153.83333333333334
2698856	981.9166210246954	24.0
1712257	985.4056113348628	505.0
2771928	972.1448649170501	538.0
1722047	993.8501608495455	41.0
2141976	987.5767990556801	20.0
2007045	972.3721040357125	158.0
2597335	838.4055439767144	77.0
2976143	885.157148727783	115.0
153624	969.1938832224946	188.0
1315236	869.3347730269323	77.0
1608633	999.6253222994283	770.0
1656474	710.4936483602954	35.53333333333333
2153775	1000.5368944506781	102.33333333333333
326148	970.5797192794764	8265.0
2421981	969.0616036565326	66.0
3488675	983.9700487589304	156.0
2329097	1000.3654099459083	58.0
1981137	842.6194278896451	21.0
2301756	976.3279505222631	81.0
2341995	978.1328735971258	1871.0
3470987	973.1284346776457	23.0
1621102	971.3970563851799	120.0
1922081	967.5995904384766	42.0
2451572	1000.7334363830215	133.0
2050518	968.5042554457705	93.0
2449543	992.6230586110662	32.0
2201201	993.6394337184404	46.0
2119710	933.2772910401941	226.2
1760982	969.7611898984521	87.0
2287344	975.5373440381162	532.0
296953	997.1419892427458	61.0
2140962	964.2684205003275	165.0
2199874	804.4943333776854	46.0
692765	968.4433825508951	1310.0
996751	803.4270184170555	681.0
2450179	981.4097453129684	26.0
1876030	1001.0425591340511	282.0
3111791	990.7359864068434	757.0
2409846	992.1224066456724	87.0
1967189	968.5412693364186	438.0
2747768	990.518925553581	1585.0
1644110	1000.7320503857668	1880.5
2021379	999.4788733526015	150.75
1313608	583.7964972351618	615.0
3130489	998.2912330193931	132.0
2971001	987.212594417715	171.66666666666666
1784229	965.6724272093558	103.0
2124609	990.4202720670706	414.0
1971385	970.4049807268032	203.8
2102134	459.7689368082681	130.0
1878326	966.1687351585601	1009.0
2188704	985.7445009517429	242.0
2966624	975.8882341168282	121.0
3207601	1001.8225191055365	43.0
537298	974.7542268901768	360.5
3196030	973.3237221485736	323.0
2020055	974.9037042913326	133.0
1440949	998.4622390240318	23.0
1680442	993.9911373884522	501.0
1573820	973.6336037621305	313.5
2061352	973.0584918722424	107.0
1697330	952.1433907072623	239.0
2823916	1002.2169482239805	10.0
3227382	426.86375875506866	69.0
2201651	806.6168005065003	29.0
3585197	307.9028414824535	34.5
1684273	994.0515684463164	204.66666666666666
1733003	547.1594257159616	214.94117647058823
3831497	973.8158863223442	68.0
1131767	967.1683151594989	365.0
2193642	1000.7178403945355	19.0
2355541	1000.517322696262	654.5384615384615
1361391	999.4391353754268	119.0
2616499	832.3100107890684	207.0
3101896	972.2748078717524	169.5
2629274	968.2313703558384	267.0
1305840	986.859091111723	193.0
2354694	978.3249163331634	537.0
2455269	982.7984289386967	99.0
1903710	964.4324600870955	30.20567375886525
2594882	985.1526485465089	23.0
1489181	974.4070960081884	586.0
2152172	532.1029736822762	78.0
1658016	972.8281595120014	1596.0
3723881	969.0323661615829	142.0
1648720	966.6239445268357	409.0
2787679	979.7850953891174	2103.0
618	989.5970920160875	1020.0
177670	982.6746946790882	598.0
1709109	969.3541459783605	868.0
2069963	1000.8591637469193	75.0
1255999	965.2372896549074	222.0
3247111	975.932184834107	1483.0
1344921	1001.0129591998755	1384.0
1615147	498.0317014480062	86.0
1783734	997.4709895852096	54.0
1651787	987.4153761231188	131.0
904261	967.183220996508	2862.0
3002507	767.3074894129529	58.95
2647571	994.3072264606154	85.5
2719708	970.498801241173	131.0
2838094	1001.8879207536315	116.0
1998559	870.7975012631547	436.5
1373115	948.4225253973484	6219.0
3188499	971.3563723027349	72.0
1913865	967.3555109168868	46.0
1393042	987.0251947199284	185.66666666666666
2536871	999.507989944759	76.0
1457744	978.4634230504756	118.5
1507853	969.313365639149	286.0
266459	994.721742679536	268.0
1803048	394.1917848180186	159.0
2145502	989.6765015335417	591.3333333333334
2652156	981.0207461325001	50.0
2646559	994.3151002072698	44.0
2100038	869.8106311163466	34.0
1503834	614.9863785144595	764.0
3537663	967.510283317175	520.6190476190476
3594219	386.78978359530294	222.0
2258317	965.4476309544972	125.0
1540854	990.3459086316626	79.0
2863015	950.1976537790136	67.0
2857725	932.3423209616399	57.0
3386131	340.10635840596615	26.0
2571061	980.7173785218845	661.5555555555555
848452	1001.0764963459018	62.0
2908217	972.6230805780979	261.0
795008	960.9061377110769	559.1111111111111
2962253	963.5361524138489	182.0
2147002	988.4389643388843	83.0
870669	738.2329685490789	33.0
2633879	974.6492574024174	10477.0
2837908	969.2111371456398	85.75
1680918	973.8056795428781	195.0
2353440	953.6313244999237	133.0
1315126	968.3137585480051	959.0
2207831	976.123605101653	36.0
2364117	1002.120364353205	353.0
1855043	995.8071167745225	78.0
2612540	988.8431487825426	67.0
2032312	974.760981723511	80.0
2210714	992.5482588739832	50.0
2610786	997.5323194225712	57.666666666666664
1915819	798.6993388950801	96.0
2960413	988.0608685968419	38.0
2644112	919.1866849942122	28.0
3411956	967.8001928712627	35.0
3196857	966.8921117512582	56.0
2615338	985.9176748595983	140.0
2992824	973.5438116334227	363.0
2421321	968.7960126838047	279.0
2241222	941.6660929517856	68.0
2368113	966.6715302484863	2812.0
2899972	973.1379209030894	223.0
1979625	972.8372606664777	110.0
2672052	960.2211183715565	314.0
2342518	967.8956840134695	219.0
1504231	983.675524989059	144.0
2906351	996.7419602310279	122.0
2286883	999.7694667842518	203.5
637866	605.4763872480588	1393.0
681257	752.1699101914894	1248.5
59771	997.4658233572757	202.0
2380548	963.222432423243	85.0
2046644	1002.11251090732	87.0
2905993	893.6628168716097	145.5
1924666	975.5006918623275	50.0
2067943	891.5646892117928	336.3333333333333
1570257	986.1450584490836	90.0
1762056	983.2199975440315	264.0
1805787	896.3408302600544	156.0
1867776	967.4622158467514	730.5
2724855	982.8180594911646	161.66666666666666
2550936	729.9068166420846	50.8
1284768	966.8414419692141	279.0
2006822	969.3688862926858	1873.0
3168350	728.0679295262128	35.0
2210978	990.1726744999945	127.0
629438	941.6876539074227	997.0
1904732	977.2745163694608	30.545454545454547
1086200	976.77656391036	179.0
2059330	967.4742681626814	57.666666666666664
1699290	967.5429781653905	126.0
3048117	992.908472351179	269.0
1657730	983.6459927710001	130.0
1677159	969.638806880976	85.0
3125008	935.1238643785284	99.71428571428571
2855457	993.9226829070905	76.375
23852	1002.0282046102848	616.6
748940	978.9967565230818	47.5
2319411	498.4510282359728	571.5
2295166	981.0971980625246	184.5
713614	911.8620442348115	279.0
2654498	863.288972699653	27.0
2199015	968.3574400329369	57.333333333333336
2794232	962.1850582404114	1030.3333333333333
1582505	583.5224684673105	75.0
2324426	979.9993312000876	467.0
2468520	970.2425287952244	305.0
1299433	507.8761298285063	58.0
2518450	995.9150974892382	55.0
2482036	974.4157610704706	231.0
2240297	966.7781012601513	95.0
3135114	399.0427816063068	33.0
1235941	983.7266433324095	98.0
1826611	911.227740119228	254.15555555555557
3362995	742.2590235222212	193.0
2514293	964.6271110762625	375.5
52950	707.6109459755473	44.666666666666664
21795	876.155855742263	1637.0
438066	994.6420159331868	180.0
2107408	944.3596960390051	2724.0
2649488	987.489401849956	210.0
2006593	970.2471862311328	158.0
2799838	964.2074475429898	89.5
1878827	997.6549716430338	67.0
2167688	974.7616155584293	43.5
2726927	986.7736827811528	31.0
39824	837.9703218935375	37.0
1839350	970.2965321102727	225.0
1526179	694.4064938098248	89.0
3121374	972.4839928090444	37.0
2126772	836.7889417361183	173.0
1411185	389.3092615968195	34.0
1628775	1000.7853250961776	36.0
1552057	999.0582794690176	702.0
1733098	533.1208741805092	561.0
590018	972.3605223299971	239.71428571428572
2999691	891.3411079774653	29.0
1511996	988.8190730727316	160.0
2580308	975.3347011603424	646.0
35477	951.7074253812352	150.86111111111111
1568913	992.1241182806202	130.33333333333334
2389890	986.6888566335069	97.0
1798963	974.8918746625227	205.0
1558993	970.1723821377993	94.0
1636575	968.3644263172406	2639.0
1732117	785.8999453625288	55.0
2135522	969.2263256246139	109.0
2772369	956.5757451699725	289.0
3336838	982.2539537662236	222.33333333333334
762570	966.2309130358555	94.0
2377374	981.6259112978493	61.0
2479902	807.2370673990956	122.1304347826087
766870	969.0470047036516	118.0
1712146	683.5993310051001	229.51724137931035
1852181	970.4694679447397	578.0
2013087	938.8538384253184	104.0
2301306	474.10287035170063	468.0
2143267	969.7639357117312	396.0
2157068	968.1786129865565	62.0
2917401	965.3257547373885	916.0
940526	977.5629757200466	71.0
2594260	974.4683952289761	337.0
2180010	979.0817889149977	22.0
1549547	976.0428430332944	108.0
2925703	972.9308130527667	543.0
1449272	972.7621626539384	621.0
1712655	991.9240889932765	424.0
2528024	734.9064440293574	67.0
2355654	986.7078362053069	523.0
1116587	952.0194963011467	325.0
2639702	973.7375949078308	75.0
2042110	983.19205100749	1188.0
115298	972.7947365343243	393.0
1912058	983.6271311086654	341.0
3357453	1000.6848023180235	33.0
2744353	954.6643264410802	49.0
2426902	999.7272567274837	82.0
1874071	475.2934715143796	370.0
1595465	998.036449394188	480.5
2454678	846.4879349883594	147.14285714285714
2333624	754.5798442424151	941.0
1322883	1002.284888196481	216.0
2289021	969.8833955883777	183.28571428571428
1805720	974.0091744043121	57.0
1620507	980.7711271521136	747.6666666666666
3718746	969.1235610964056	59.0
416177	998.5055460599358	60.0
2697617	977.2103401435743	50.0
2217404	998.2171225807627	44.0
200798	994.9012973263848	49.0
2907507	974.8404909712043	383.0
2553149	995.3168082552388	51.0
3134523	974.9999807004009	69.0
1518193	964.5353269263279	74.66666666666667
3055441	982.8467227897326	63.333333333333336
3787110	356.9106895784932	118.0
2754268	965.6347933421628	96.5
2016765	968.5608626314654	276.0
2684361	947.8917487865564	60.0
2626689	981.5675699655669	187.0
1726216	979.8881354407634	68.0
1883201	986.9007771875472	73.0
1574380	970.5301244020662	57.0
1657279	971.4662977101101	76.0
1954162	970.3666264682228	296.0
2377849	968.41917897158	451.0
2935362	965.3247056408792	124.0
2250354	763.6040580996863	144.875
904580	989.2743885090543	304.0
1408329	952.4219834669021	10458.0
2045618	966.0425852762668	104.0
1921512	983.7292185746433	53.0
1659057	988.7711665423898	314.0
936756	995.7000562028396	49.0
2039646	976.5272248116987	48.0
2356920	986.0483542396963	196.0
1573847	996.6247247003736	215.0
1567411	975.8612517175443	31.0
1807208	950.2129647790659	29.0
1534718	539.3829889269504	224.75
1528024	954.0559881668748	106.0
1408134	774.9371505497937	311.0
1199901	970.6434051987055	156.0
595994	981.6433891778664	265.0
1600814	987.6845568170384	50.0
2253991	999.380899203715	28.0
301899	958.4055946368844	2113.3333333333335
2436317	551.0010483914045	786.5
89391	998.749086413276	544.0
2552971	993.6956496939237	302.0
1211570	979.6853787568078	329.0
1328054	561.6790620132265	169.66666666666666
3628612	969.6231569910788	60.0
1835051	972.3515428074021	1699.0
3151150	968.6881837270373	50.0
1503594	969.9339580270083	82.06666666666666
2699052	960.4601083701602	186.0
2425205	974.3157907158475	176.0
2202745	976.2318432311425	967.0
3133777	963.9062069052825	122.0
2597264	400.8527613545452	57.0
606189	970.1850815090684	1308.0
3688901	995.2485627314607	121.83333333333333
1466759	955.2356781135546	2917.25
114013	799.9567064058617	76.83333333333333
2997447	445.94337309151547	33.0
2639493	769.3834091104703	195.0
1243112	991.3498478348696	480.0
2772294	918.8335937833294	139.33333333333334
1743162	977.2780293566772	146.0
2551474	559.634611617908	146.2
2269026	987.7508653366544	73.0
1514541	694.6320383394254	436.5
2031241	984.9871417687366	248.66666666666666
643660	989.4769904575529	198.0
1042018	974.7107431826074	286.5
1709164	982.3652542477091	71.0
1931817	970.1850583414697	560.0
2887541	505.0601998925479	94.0
2495841	975.470866384379	121.0
1903530	976.6917491526817	104.0
2785203	980.8842692874715	157.0
2746181	980.4871196303909	122.0
2383066	570.7179146038776	113.0
2557839	982.3423564818161	108.0
1224768	995.7275711556608	1458.0
1428665	993.5708984069832	258.0
1480034	974.9967601261415	281.6666666666667
1802947	976.3487181092823	519.0
1572828	968.2019688842195	144.0
1598324	969.0908489812304	473.0
1411204	997.0003708823792	103.0
2324481	989.1582837631115	213.0
2485534	946.104330495786	526.0
1677731	982.2319918537097	2474.0
2899320	969.6764862955454	137.0
2280552	514.585770230996	56.0
3609323	973.366424075853	69.0
1481401	960.215497853674	72.30645161290323
2506872	982.152606404331	45.0
2908950	976.1687883413412	49.0
1044718	974.4710289703469	212.0
2027668	978.1335563613309	386.0
2239053	939.0867443507237	29.0
3003957	978.7119082453777	20.333333333333332
2651435	990.0995131516872	38.0
196276	961.5784302577509	1258.857142857143
17960	976.5075909958128	351.0
1506293	963.8154068405587	69.0
1641425	542.7124790699096	750.0
1822108	595.0061996893943	379.0
2927745	969.1719348959605	72.0
2878887	529.1298135020174	61.0
1619213	437.6410503710811	24.0
1718326	975.27488933478	175.0
1449890	968.0311053347125	40.0
3109183	976.4135240969732	33.0
2550950	985.2892290426365	36.0
2585618	976.754436475409	137.0
3125581	714.3760955250646	534.0
2020111	970.1988511690263	311.0
1674941	971.6038176555498	190.0
2168989	966.451625042321	104.0
1973802	982.0969606051557	157.0
2659220	869.1653865566487	63.18181818181818
2468996	982.403736483649	214.8
3048561	981.3046366527698	763.0
2654610	974.3590626481854	219.0
1626106	963.9454423908705	69.0
1748379	980.5938697475123	148.0
2403550	304.96752077006107	152.0
3060383	968.462365339658	39.0
2862325	979.8538111853901	408.0
2335387	970.0729167160025	334.0
1780441	969.8707434539671	864.0
1781894	987.5248447252873	121.0
324779	943.2537551037202	86.5
2791533	409.7558126581906	29.0
2106745	993.4662556783495	87.33333333333333
2643221	948.6769957739925	52.0
2464377	976.5000207464083	191.0
1874227	973.8842552665249	145.0
1712333	933.8067158550548	812.0
3107551	973.2768259035785	33.5
1152078	979.744289484895	261.0
2597464	980.0079727153573	15.0
1731428	980.3564982031938	469.0
1846949	1001.5270418760896	42.0
1576454	715.5952137948683	51.291666666666664
1565109	972.9822333426283	41.0
2628464	995.1573754095258	263.0
1370894	1002.4095054074894	1860.3333333333333
2734851	958.3361134724279	1273.5
2646698	971.6764263856808	79.0
2263137	842.4397765405886	129.26315789473685
67027	967.5410106337278	894.0
1430037	1001.8782779695504	417.22222222222223
2319715	983.0428720157395	233.0
1596081	497.90784371457147	64.0
3393924	989.3220977699382	196.0
1467858	868.4741429015586	46.5
3209489	970.9677909622905	90.0
2867073	974.6486545300733	179.0
2110686	981.7839236650403	121.0
2099269	973.7508873429807	163.0
2316985	988.133171190087	106.0
2484050	987.0309925052071	150.0
2243703	899.2325018137687	229.0
2434948	980.5523890942925	114.0
2608952	607.4777753654046	68.0
1521521	978.8007825757687	69.0
2644782	969.8789761081035	53.5
1835526	1000.4780013903581	5254.666666666667
3116050	969.4482867939229	174.66666666666666
1948473	971.2949625652919	81.0
1537974	978.850625444924	227.0
435503	461.69226130377467	61.0
1747636	949.2087472247664	124.5
2958271	976.6819790002069	1257.0
1380935	968.692961336457	456.0
1794590	838.3266420569078	562.125
1043566	965.9979894851053	832.0
2603375	985.2816280789747	76.0
3365951	588.8025609016361	55.5
2716424	931.8165191048639	496.8
3369544	994.5574901227875	243.0
3582500	920.7948976531605	154.125
1781688	962.7211065304058	552.0
2266656	601.0302727402391	442.6666666666667
1944506	971.1461518241754	436.0
2356502	975.3424142818299	85.0
2433185	958.2308906469764	45.0
1625852	974.8909061566793	138.0
2991075	982.8801464209007	288.5
2735753	974.9899015283598	1217.0
2066537	1001.4499896003257	202.0
3358645	970.507786323908	71.0
1920635	967.4172618976733	511.0
1605072	971.6083879423351	350.0
1763286	492.14605729295056	41.0
1891939	990.6100452285225	139.75
1396839	987.6176393321321	362.0
1519487	988.6668405707388	68.0
2643243	1002.3225817387041	36.0
1158608	967.812615428966	54.0
3363020	965.0308900316904	147.0
2324585	970.5072536414326	366.3333333333333
2367390	982.627651711594	440.0
3316352	969.1013632364765	154.0
2641322	800.2619697175239	648.0
1258032	1002.1092157632728	41.0
1542836	974.7517662364104	300.0
1756677	967.1051347342084	74.0
2501018	462.31447438085405	363.6666666666667
2850403	972.1789808258125	37.5
1317636	954.5629119092284	153.0
694373	1000.909553124396	91.0
2463089	980.2935492090804	52.666666666666664
2344592	985.9353758341572	72.0
1918565	1001.8785038675696	87.0
2917275	964.0149338097925	163.33333333333334
280447	907.3087389493202	196.57142857142858
1413405	976.5087023910961	55.0
63414	940.0089094308905	151.0
4197	964.5303521593652	232.0
2511404	711.0452275877226	81.0
1086093	736.9346889172033	114.0
645725	839.0751713661906	74.0
145704	972.5517482122245	61.0
2687236	700.1200952201164	411.0
2918326	506.2998199026228	87.0
1293131	964.836865206057	86.0
2649665	949.69955380655	904.0
3213300	965.2714991770082	359.0
2951024	977.4235925401971	673.0
1887592	993.4206116910158	119.06666666666666
2643509	975.9026157792166	57.0
3310356	969.2104979178999	449.0
2826368	986.1843343331028	42.0
846908	975.0632201682646	19.0
3470843	998.6520720068337	57.0
2701095	769.142316762363	307.0
798991	1001.4332656837562	208.0
2061740	950.8847696894281	80.8
1829909	1001.3754965079281	157.0
1223005	967.0662089524964	2027.0
2540150	979.5831809525378	141.0
3760469	977.9798547248037	190.0
839636	987.0679975572209	538.0
1642269	969.6767939551905	259.0
1467736	975.5184639098418	89.0
3445758	1001.507802307644	125.66666666666667
1864792	974.8871114775782	200.0
2006493	850.5316591781195	157.0
2174552	966.1111607247714	265.0
1607326	931.2796571449661	1034.0
1822184	970.0849983424646	28.0
1474040	972.7954271716931	270.0
2665073	845.39740953893	60.285714285714285
2996202	389.41542172101606	825.0
1792418	428.4022374162517	180.0
2457490	981.5554306948776	200.0
2020163	966.7539952695912	356.0
1567714	981.9665462620848	31.0
2641479	976.0391906767836	537.0
2221126	959.3134688590471	2501.0
1419910	966.5290541208515	302.0
722756	991.381377974325	53.0
1820498	976.0145971913856	120.0
1182954	994.7799977414029	577.0
1944438	971.6755661612005	206.0
1733700	894.3178058708678	436.0
1862479	975.6422253113714	155.0
2084505	983.6596494800972	138.0
223795	964.3439202889946	458.0
2326573	965.9519961887545	1220.3333333333333
3383736	995.7898989953318	52.0
1945501	970.7791952334728	137.0
2520482	878.6155822566259	15.0
1178986	999.6513487829784	179.0
1615057	937.8850351869236	571.0588235294117
2803566	949.3559125250937	116.26923076923077
1352179	972.1520926166086	1226.0
1849596	971.3855579719045	272.0
3260870	920.4706441945561	163.0
1840925	963.0232901903673	79.85365853658537
3016282	972.145244203381	245.33333333333334
2362441	983.2817097425634	253.0
3116026	998.7407066439965	103.66666666666667
3156510	1000.22119835515	23.0
2670635	936.430445075256	306.0
2031521	988.6356830385378	99.0
2536673	997.6838760865155	161.0
1772987	995.8442902580364	74.0
609806	1001.8942994500618	42.0
1151908	981.3993220653222	150.0
1760509	579.8761582450084	185.8
1620011	857.5062231913628	82.66666666666667
2011322	974.6208483375593	79.0
1342992	988.3117039646316	2836.5
2264680	971.4905539598328	77.0
2264275	894.3309700832183	81.16666666666667
868995	938.272511522957	61.0
2544753	1000.5786020563174	72.0
2663830	984.8710852465974	32.0
2406021	885.9112725733772	54.0
1554144	612.0529380424463	195.92857142857142
2385534	978.2290262451331	40.0
664985	999.8527918698792	92.66666666666667
1757918	933.5349751104509	279.0
1954956	964.0631530455569	140.33333333333334
926098	790.3086268347934	390.0
1931125	1001.2183993991495	145.0
1568674	870.2049594942877	205.0
310591	994.5384063767038	240.0
2758032	987.6488405528543	76.0
1867003	966.9280771967215	371.5
1417131	380.3527281966259	293.0
2642990	937.8465420933052	81.66666666666667
1170964	973.6012312538412	105.0
3407413	977.1991077623841	3971.0
1924432	984.1824586960564	54.0
2310916	991.8125587336225	375.0
748537	978.0370064281742	141.0
1633773	813.0553116040852	358.5
1290547	976.6622945673025	562.0
1356064	966.5067734538574	248.0
2039021	533.0898592854526	65.0
2931468	615.9053735854496	162.0
1613374	971.9140860743543	99.0
2487438	999.6944675278811	102.33333333333333
2113027	971.8328128876163	112.0
2645671	465.4496190445435	80.2
2297654	778.0087231546215	335.0
580515	967.6245658891604	835.0
1868802	670.2089574099448	450.0
1828743	884.0758548953849	900.9090909090909
2370097	965.9711780602148	107.66666666666667
2104662	967.4431999197379	69.0
1122063	961.3283986969168	1705.0
1699915	970.6396636485931	139.0
2583545	645.6782159819138	90.04347826086956
3060059	1001.7524955329463	66.0
81610	978.9447537566916	573.0
1909550	967.5080647878478	10267.0
2765712	806.4936388192542	32.0
585903	990.9969313459524	77.0
1756355	994.4477968502696	958.0
2490892	1002.0327168198269	62.0
3203907	897.5915453566736	208.0
1937185	799.2783826683292	171.80769230769232
2033753	1000.6166178604717	94.0
3680507	300.4522053716426	31.0
1817833	967.5495444999605	141.0
1458535	995.2419042778249	363.6666666666667
3059840	961.7990115770472	320.75
2714419	1000.9336734549505	39.0
1998911	975.8641297026201	78.0
28344	974.8438744487178	332.0
2475888	964.7301033846716	230.94117647058823
1779119	968.5204782945028	575.0
1469356	996.5842559026602	124.5
1812476	961.4983518356858	437.0
2343526	998.5496248162086	88.0
2163798	797.36879960763	33.0
3122519	972.8801730604764	49.0
1474397	999.4894842463311	174.33333333333334
2568516	976.7970178313683	79.0
3746244	969.7008391204063	6.0
1559661	669.2100484114819	260.5
1710754	353.95472614389985	26.0
54222	977.6223696341773	323.0
2203617	964.8765870209729	117.0
3078044	980.5420661978196	237.0
