0	0.0	0	0.0
100	0.0	0	0.0
200	0.0	0	0.0
300	0.0	0	0.0
400	0.0	0	0.0
500	0.0	0	0.0
600	0.0	0	0.0
700	0.0	0	0.0
800	0.0	0	0.0
900	0.0	0	0.0
1000	2099.75	5	419.95
1100	53627.81048215069	155	345.9858740783916
1200	26941.753571428566	103	261.5704230235783
1300	15780.30119047619	51	309.4176704014939
1400	13207.472759717923	48	275.15568249412337
1500	12107.803205128206	43	281.5768187239118
1600	7021.608116883116	22	319.16400531286894
1700	5831.597619047619	19	306.92619047619047
1800	7438.933333333333	22	338.1333333333333
1900	5535.783333333333	20	276.78916666666663
2000	4904.333333333334	13	377.2564102564103
2100	4029.0	13	309.9230769230769
2200	4762.721245421245	15	317.51474969474964
2300	4211.362433862434	14	300.8116024187453
2400	4411.1875	14	315.08482142857144
2500	5703.316666666667	20	285.16583333333335
2600	3244.420512820513	11	294.94731934731936
2700	4786.181818181818	16	299.1363636363636
2800	3697.0	14	264.07142857142856
2900	8321.4	32	260.04375
3000	7383.725274725275	29	254.61121636983708
3100	451940.03888380167	1766	255.9116867971697
3200	4477.658333333333	19	235.6662280701754
3300	0.0	0	0.0
3400	0.0	0	0.0
3500	0.0	0	0.0
3600	0.0	0	0.0
3700	0.0	0	0.0
3800	0.0	0	0.0
3900	0.0	0	0.0
4000	0.0	0	0.0
4100	0.0	0	0.0
4200	0.0	0	0.0
4300	0.0	0	0.0
4400	0.0	0	0.0
4500	0.0	0	0.0
4600	0.0	0	0.0
4700	0.0	0	0.0
4800	0.0	0	0.0
4900	0.0	0	0.0
5000	0.0	0	0.0
5100	0.0	0	0.0
5200	0.0	0	0.0
5300	0.0	0	0.0
5400	0.0	0	0.0
5500	0.0	0	0.0
5600	0.0	0	0.0
5700	0.0	0	0.0
5800	0.0	0	0.0
5900	0.0	0	0.0
6000	0.0	0	0.0
6100	0.0	0	0.0
6200	0.0	0	0.0
6300	0.0	0	0.0
6400	0.0	0	0.0
6500	0.0	0	0.0
6600	0.0	0	0.0
6700	0.0	0	0.0
6800	0.0	0	0.0
6900	0.0	0	0.0
